0.05255079821340736 0.7493149292294572 0.1266321957826071 0.9182691652303773 0.004783079619541941 0.920726393501726 0.09755886751853138 0.1422310619484053 0.8328963989820412 0.19540031511975353 
0.0529210464241211 0.3431602308249023 0.53017819869386 0.5069697260195617 0.7534514564502423 0.8888356321025516 0.4116562388519105 0.18312247659454983 0.8685854262019076 0.25003940764540344 
0.31331821519169323 0.10297668193883591 0.33891956624276787 0.4288056543698733 0.8588635404963859 0.10062207301512471 0.8070806503766236 0.19395418949833498 0.46671125787734724 0.7668942359751159 
0.7643507502262714 0.8414215362087728 0.11077407032516728 0.787232332587686 0.4377952309240567 0.8014480669584106 0.4498366619750197 0.31541448140839545 0.15436981336175426 0.17632292996687993 
0.8247980844015417 0.13772449147429722 0.8892645183357459 0.3527627859862974 0.6088822779198202 0.412306031612268 0.24320130416395258 0.3704196267670139 0.7683777837783249 0.8208181644953733 
0.1515219357679476 0.5545529436409207 0.24217934592169565 0.805283817715504 0.26534705770893807 0.9071985077392032 0.22541992149296863 0.9147990269437342 0.9529004172675787 0.0031040846141288103 
0.49864784480724733 0.9810212264560628 0.8006379804010727 0.7656336977379202 0.9511451288947653 0.5459539303837663 0.8969677300290361 0.2530196189596057 0.661020731628313 0.413581843149481 
0.08370532138680276 0.9860460632102148 0.13882612960779228 0.4126780959923142 0.7789302562542235 0.5578313003144848 0.31171026659711365 0.10843833764215505 0.01594018490634086 0.01865464002986672 
0.3599949715879571 0.7412621355786281 0.2745591839231387 0.6690186342510664 0.6275690146391695 0.5743135350663116 0.19173759425053505 0.4791510593433016 0.8592370527286703 0.24445980489146224 
0.2564636956432579 0.7442451948732152 0.5804982278141249 0.46713213356032746 0.12910872345648172 0.734107659567143 0.8772889242089833 0.6924599989564656 0.9041350288681491 0.9888751175455972 
0.9972294113464257 0.4452342421773018 0.582476855635406 0.9785639438191814 0.35593678833076847 0.35639580672628157 0.3101715487988188 0.43673803770229136 0.16033362102438664 0.7138090466559472 
0.740057808219094 0.234998571684652 0.6019207332835216 0.46854615654664866 0.3504171633637394 0.34196707628866974 0.11763427017808958 0.10161877462153368 0.034397202900872226 0.029491254649664955 
0.5232556971831422 0.989961787686326 0.08929017101180592 0.25640133132197274 0.9976577107158414 0.6389183410794819 0.8361184193637847 0.40562115261292375 0.9445684377729386 0.3594715191801795 
0.20569860265217899 0.5576204914212304 0.4656446163733686 0.693607451901212 0.49161778015511326 0.31168380072221935 0.4210106772408376 0.13201001690450498 0.9320428289102299 0.32904168716734905 
0.2876878030728852 0.6034783273434693 0.19310356457944922 0.9361370374900119 0.9374226154552663 0.5384672341609534 0.2240031035540263 0.9370588099144949 0.9827815502410975 0.5049377162218265 
0.3027583173321323 0.26533815628595303 0.23072945001038447 0.20645008035624723 0.030631136187343255 0.1563819887230643 0.7697582450858221 0.406361851136803 0.7666817844305768 0.8307338667906788 
0.6930572196934046 0.032877618646032225 0.8864458716540139 0.0883942871914043 0.4174238738051308 0.8650881440050404 0.9494748023905485 0.5117708049351949 0.16041205172724315 0.6391629056522173 
0.10586627332151932 0.7175180318698093 0.018225857538867296 0.5476009703672744 0.815411728318721 0.2317302961392279 0.0696669592670438 0.5847812993718102 0.4734019589581746 0.6052321985368835 
0.21056549526213308 0.6680528729476835 0.6911680905541765 0.757562624733599 0.7737890411182665 0.9444197077725155 0.3412640919964164 0.7455463784289683 0.6755433555275391 0.09551093922509157 
0.3171581053574112 0.00605290877297382 0.2905336634107948 0.4504934115791549 0.521721963408213 0.9821228922654036 0.3341402893603195 0.8841833036472456 0.369044377461785 0.10200636616298886 
0.5061217963704422 0.873551560455812 0.4093995657348999 0.22933227908512865 0.5720116815949399 0.8729321700844164 0.6833287686227426 0.6798106225324713 0.31644085383106524 0.41812354238456184 
0.6936981310366698 0.9755313589541672 0.060066419006386984 0.1814798407555236 0.48200080288778835 0.5110648214043746 0.9858716022728696 0.4594572283623167 0.722548562521681 0.9709279773869461 
0.1791352560562668 0.6329528221558905 0.7655686515599327 0.8636432580801575 0.06066085552009326 0.8581924516451856 0.9846316076581253 0.9011842111503661 0.7603835522747256 0.6548540854517886 
0.5334502886954987 0.9459620696193427 0.35978603388841013 0.7577863285877882 0.2856038361829373 0.828626557643872 0.9717841446357472 0.8395336945403562 0.790583629109296 0.241157959721082 
0.812056485164672 0.2909496064072189 0.19288800522434424 0.9635641383490097 0.9316802358251309 0.8352771471991836 0.46196153858405287 0.6377991009868809 0.6841770748311232 0.18637905681771172 
0.508370017147296 0.28946783219430094 0.8449449454809144 0.12195258181111557 0.38745983389037764 0.7114104361452253 0.6899253908260559 0.5619257740901221 0.5266666230634571 0.2452956510144696 
0.3016578667409663 0.3969607178191177 0.32329973487742525 0.8911998258510462 0.39422985172267744 0.8154730452939716 0.7103299580498579 0.7303913140163734 0.27018622188405517 0.07192944186612982 
0.17419429962776878 0.7263297400572669 0.724959090966751 0.22154790449744766 0.9025439503226543 0.9123448429956506 0.9260292389387665 0.5678665331188143 0.6232648963771198 0.7113625906018333 
0.5076982191521081 0.07155775705353395 0.4472745381081221 0.9814666727597571 0.37724850698070345 0.8925419514855869 0.5622995732144923 0.9284597224283652 0.31862862211833043 0.42080751101387937 
0.9652012462279064 0.1969174585035186 0.8225342417455525 0.2833149071563522 0.7159076338895142 0.08339251038350093 0.4561519532832945 0.5652875956855992 0.31544079164628436 0.20313585698020664 
